Field Curvature

Field (deg)	Tan Focus (mm)	Sag Focus (mm)	Medial Focus (mm)
0.0000	9.39184627E-001	9.39184627E-001	9.39184627E-001
0.0800	9.38866978E-001	9.39036579E-001	9.38951779E-001
0.1600	9.37914027E-001	9.38592435E-001	9.38253231E-001
0.2400	9.36325759E-001	9.37852194E-001	9.37088976E-001
0.3200	9.34102147E-001	9.36815852E-001	9.35458999E-001
0.4000	9.31243158E-001	9.35483405E-001	9.33363281E-001
0.4800	9.27748744E-001	9.33854849E-001	9.30801797E-001
0.5600	9.23618851E-001	9.31930177E-001	9.27774514E-001
0.6400	9.18853413E-001	9.29709382E-001	9.24281398E-001
0.7200	9.13452354E-001	9.27192456E-001	9.20322405E-001
0.8000	9.07415588E-001	9.24379388E-001	9.15897488E-001
0.8800	9.00743019E-001	9.21270169E-001	9.11006594E-001
0.9600	8.93434540E-001	9.17864786E-001	9.05649663E-001
1.0400	8.85490035E-001	9.14163226E-001	8.99826631E-001
1.1200	8.76909378E-001	9.10165476E-001	8.93537427E-001
1.2000	8.67692431E-001	9.05871520E-001	8.86781976E-001
1.2800	8.57839049E-001	9.01281342E-001	8.79560195E-001
1.3600	8.47349073E-001	8.96394923E-001	8.71871998E-001
1.4400	8.36222337E-001	8.91212247E-001	8.63717292E-001
1.5200	8.24458664E-001	8.85733292E-001	8.55095978E-001
1.6000	8.12057865E-001	8.79958039E-001	8.46007952E-001
1.6800	7.99019744E-001	8.73886465E-001	8.36453104E-001
1.7600	7.85344091E-001	8.67518546E-001	8.26431319E-001
1.8400	7.71030690E-001	8.60854259E-001	8.15942475E-001
1.9200	7.56079311E-001	8.53893579E-001	8.04986445E-001
2.0000	7.40489717E-001	8.46636478E-001	7.93563097E-001
2.0800	7.24261657E-001	8.39082929E-001	7.81672293E-001
2.1600	7.07394874E-001	8.31232904E-001	7.69313889E-001
2.2400	6.89889098E-001	8.23086372E-001	7.56487735E-001
2.3200	6.71744050E-001	8.14643302E-001	7.43193676E-001
2.4000	6.52959439E-001	8.05903662E-001	7.29431551E-001
2.4800	6.33534966E-001	7.96867419E-001	7.15201193E-001
2.5600	6.13470319E-001	7.87534539E-001	7.00502429E-001
2.6400	5.92765180E-001	7.77904984E-001	6.85335082E-001
2.7200	5.71419215E-001	7.67978720E-001	6.69698968E-001
2.8000	5.49432085E-001	7.57755707E-001	6.53593896E-001
2.8800	5.26803437E-001	7.47235908E-001	6.37019672E-001
2.9600	5.03532909E-001	7.36419281E-001	6.19976095E-001
3.0400	4.79620129E-001	7.25305785E-001	6.02462957E-001
3.1200	4.55064714E-001	7.13895378E-001	5.84480046E-001
3.2000	4.29866271E-001	7.02188017E-001	5.66027144E-001
3.2800	4.04024396E-001	6.90183655E-001	5.47104025E-001
3.3600	3.77538674E-001	6.77882248E-001	5.27710461E-001
3.4400	3.50408682E-001	6.65283749E-001	5.07846215E-001
3.5200	3.22633984E-001	6.52388109E-001	4.87511046E-001
3.6000	2.94214135E-001	6.39195278E-001	4.66704707E-001
3.6800	2.65148679E-001	6.25705206E-001	4.45426943E-001
3.7600	2.35437149E-001	6.11917842E-001	4.23677496E-001
3.8400	2.05079067E-001	5.97833133E-001	4.01456100E-001
3.9200	1.74073948E-001	5.83451024E-001	3.78762486E-001
4.0000	1.42421291E-001	5.68771461E-001	3.55596376E-001
4.0800	1.10120589E-001	5.53794387E-001	3.31957488E-001
4.1600	7.71713212E-002	5.38519744E-001	3.07845533E-001
4.2400	4.35729583E-002	5.22947474E-001	2.83260216E-001
4.3200	9.32495924E-003	5.07077518E-001	2.58201239E-001
4.4000	-2.55732274E-002	4.90909813E-001	2.32668293E-001
4.4800	-6.11221639E-002	4.74444299E-001	2.06661067E-001
4.5600	-9.73224231E-002	4.57680911E-001	1.80179244E-001
4.6400	-1.34174589E-001	4.40619585E-001	1.53222498E-001
4.7200	-1.71679255E-001	4.23260255E-001	1.25790500E-001
4.8000	-2.09837028E-001	4.05602855E-001	9.78829137E-002
4.8800	-2.48648522E-001	3.87647316E-001	6.94993970E-002
4.9600	-2.88114366E-001	3.69393570E-001	4.06396019E-002
5.0400	-3.28235197E-001	3.50841546E-001	1.13031743E-002
5.1200	-3.69011663E-001	3.31991172E-001	-1.85102459E-002
5.2000	-4.10444425E-001	3.12842375E-001	-4.88010251E-002
5.2800	-4.52534153E-001	2.93395082E-001	-7.95695353E-002
5.3600	-4.95281528E-001	2.73649218E-001	-1.10816155E-001
5.4400	-5.38687243E-001	2.53604705E-001	-1.42541269E-001
5.5200	-5.82752002E-001	2.33261468E-001	-1.74745267E-001
5.6000	-6.27476519E-001	2.12619426E-001	-2.07428547E-001
5.6800	-6.72861520E-001	1.91678500E-001	-2.40591510E-001
5.7600	-7.18907743E-001	1.70438609E-001	-2.74234567E-001
5.8400	-7.65615934E-001	1.48899670E-001	-3.08358132E-001
5.9200	-8.12986854E-001	1.27061601E-001	-3.42962627E-001
6.0000	-8.61021273E-001	1.04924316E-001	-3.78048478E-001
6.0800	-9.09719972E-001	8.24877294E-002	-4.13616121E-001
6.1600	-9.59083745E-001	5.97517542E-002	-4.49665995E-001
6.2400	-1.00911340E+000	3.67163019E-002	-4.86198547E-001
6.3200	-1.05980974E+000	1.33812830E-002	-5.23214228E-001
6.4000	-1.11117360E+000	-1.02533933E-002	-5.60713499E-001
6.4800	-1.16320583E+000	-3.41878189E-002	-5.98696823E-001
6.5600	-1.21590726E+000	-5.84220871E-002	-6.37164674E-001
6.6400	-1.26927876E+000	-8.29562922E-002	-6.76117527E-001
6.7200	-1.32332121E+000	-1.07790530E-001	-7.15555869E-001
6.8000	-1.37803548E+000	-1.32924897E-001	-7.55480189E-001
6.8800	-1.43342248E+000	-1.58359492E-001	-7.95890984E-001
6.9600	-1.48948310E+000	-1.84094414E-001	-8.36788759E-001
7.0400	-1.54621828E+000	-2.10129764E-001	-8.78174022E-001
7.1200	-1.60362894E+000	-2.36465643E-001	-9.20047291E-001
7.2000	-1.66171602E+000	-2.63102154E-001	-9.62409088E-001
7.2800	-1.72048048E+000	-2.90039402E-001	-1.00525994E+000
7.3600	-1.77992329E+000	-3.17277493E-001	-1.04860039E+000
7.4400	-1.84004542E+000	-3.44816532E-001	-1.09243097E+000
7.5200	-1.90084786E+000	-3.72656629E-001	-1.13675224E+000
7.6000	-1.96233161E+000	-4.00797892E-001	-1.18156475E+000
7.6800	-2.02449770E+000	-4.29240432E-001	-1.22686906E+000
7.7600	-2.08734713E+000	-4.57984361E-001	-1.27266575E+000
7.8400	-2.15088097E+000	-4.87029792E-001	-1.31895538E+000
7.9200	-2.21510024E+000	-5.16376839E-001	-1.36573854E+000
8.0000	-2.28000602E+000	-5.46025618E-001	-1.41301582E+000
